93 20131219123825 2.9 38.11 127.11
92 20131213114010 2.5 36.10 129.04
91 20131208163825 2.8 33.44 125.09
90 20131204062806 2.4 38.71 125.69
89 20131203210039 2.5 35.64 128.72
88 20131202200258 2.8 38.56 126.10
87 20131126022602 2.1 37.12 128.11
86 20131122232917 2.1 36.99 126.40
85 20131120210711 2.1 38.47 126.17
84 20131116223245 2.1 38.51 125.66
83 20131110162854 2.0 37.66 124.67
82 20131108210241 3.0 36.24 126.36
81 20131108191444 2.6 36.23 126.36
80 20131026064739 2.7 37.96 124.61
79 20131019001627 2.0 35.96 128.06
78 20131011160625 3.6 36.46 129.61
77 20131010130811 2.6 35.36 128.23
76 20130915131636 2.3 36.55 129.23
75 20130914173335 2.2 36.20 126.16
74 20130911130031 4.0 33.56 125.39
73 20130829083523 2.5 38.19 129.30
72 20130813003647 3.0 36.91 129.44
71 20130813000130 2.1 36.92 129.44
70 20130812043934 2.3 35.66 129.77
69 20130812043348 3.1 35.66 129.75
68 20130811041936 2.3 38.48 126.13
67 20130810124318 2.6 35.90 129.75
66 20130807210846 2.0 36.19 126.08
65 20130804195828 2.3 36.20 126.16
64 20130801172237 3.1 36.19 126.17
63 20130801005745 2.8 36.23 126.22
62 20130731223021 3.2 36.21 126.18
61 20130731202700 2.2 36.20 126.17
60 20130731200526 2.2 36.21 126.17
59 20130730145702 2.7 36.21 126.14
58 20130729102917 2.7 36.20 126.13
57 20130728091024 2.8 36.20 126.14
56 20130726112335 2.2 36.19 126.14
55 20130723160354 2.7 36.19 126.16
54 20130715194439 2.5 36.20 126.15
53 20130715013910 2.4 33.03 125.68
52 20130713020244 3.5 36.20 126.18
51 20130701112454 3.0 38.78 126.36
50 20130629133248 2.3 36.20 126.17
49 20130627193320 2.5 36.20 126.14
48 20130624182633 2.1 38.04 129.75
47 20130624052838 2.3 36.20 126.17
46 20130622111837 2.3 36.20 126.17
45 20130622103724 2.8 36.19 126.16
44 20130622035136 2.5 36.20 126.17
43 20130621215506 2.4 36.20 126.19
42 20130621162931 2.2 36.19 126.14
41 20130620123557 2.4 39.23 125.95
40 20130619160242 2.6 36.19 126.16
39 20130619015225 2.3 36.20 126.16
38 20130618023115 2.3 36.21 126.18
37 20130617203104 2.4 36.20 126.17
36 20130616221227 2.5 36.20 126.16
35 20130616194743 2.1 36.19 126.15
34 20130610140128 2.1 37.71 124.70
33 20130608055659 3.2 35.14 126.96
32 20130605123412 2.6 36.23 126.18
31 20130522232553 2.1 38.75 128.81
30 20130521161753 3.7 37.66 124.71
29 20130519052713 2.3 37.73 124.74
28 20130518161848 2.1 37.69 124.61
27 20130518140940 2.6 37.71 124.68
26 20130518114515 3.9 37.67 124.61
25 20130518093242 2.5 37.64 124.57
24 20130518091310 2.4 37.67 124.62
23 20130518075428 2.5 37.69 124.65
22 20130518072610 3.3 37.67 124.66
21 20130518072413 2.2 37.69 124.65
20 20130518070224 4.9 37.68 124.63
19 20130518030058 3.5 37.68 124.60
18 20130515084810 2.8 37.69 124.74
17 20130515083411 2.7 37.71 124.68
16 20130514201754 2.8 37.70 124.79
15 20130430105826 2.0 36.46 129.63
14 20130430052651 2.5 36.47 129.61
13 20130428033913 2.7 33.65 127.29
12 20130421182113 2.7 35.14 124.49
11 20130421082127 4.9 35.16 124.56
10 20130419234614 2.2 36.55 129.60
9 20130417213338 2.3 36.56 129.61
8 20130414161620 2.3 38.20 129.29
7 20130410130716 2.2 36.50 127.44
6 20130207220729 2.2 35.76 129.13
5 20130205212536 3.5 35.77 127.97
4 20130204053925 3.1 36.55 128.90
3 20130126085756 2.4 36.11 127.73
2 20130115133134 2.8 36.59 129.73
1 20130102055337 2.5 33.37 127.27