49 20141230153636 2.6 35.21 124.79
48 20141224203319 2.1 35.89 127.33
47 20141215090800 2.1 39.09 126.52
46 20141208052857 3.3 34.75 127.17
45 20141115033139 2.5 38.77 126.36
44 20141106144849 2.3 33.34 125.89
43 20141106042516 2.5 37.23 126.44
42 20141028190707 2.2 38.00 125.34
41 20141021063322 2.3 35.21 129.49
40 20141020211529 2.2 33.68 125.88
39 20141019195717 2.6 36.44 128.19
38 20141011221130 2.3 37.73 129.43
37 20141007015717 2.9 33.30 125.96
36 20141001163410 2.2 36.67 125.45
35 20140928213244 3.2 37.24 126.44
34 20140925022642 3.8 35.07 129.94
33 20140923152758 3.5 35.80 129.41
32 20140909002400 2.2 35.68 129.38
31 20140821223043 2.7 33.87 127.83
30 20140818051355 2.1 36.57 125.64
29 20140816005142 2.1 33.59 126.58
28 20140810180705 2.4 38.15 126.63
27 20140805061636 2.5 40.11 127.20
26 20140802013227 2.2 37.40 127.20
25 20140704062726 2.2 34.51 125.41
24 20140704041315 2.9 35.66 129.78
23 20140704001151 2.5 35.65 129.81
22 20140703220437 2.6 35.66 129.82
21 20140703215711 3.5 35.66 129.76
20 20140621082930 2.6 38.77 125.89
19 20140618095921 2.1 35.91 128.66
18 20140608040531 2.6 33.52 125.96
17 20140605132911 2.3 35.97 128.62
16 20140515084651 3.4 33.00 126.21
15 20140426140810 2.7 36.46 127.93
14 20140425121439 2.9 35.97 128.04
13 20140413140202 2.9 36.93 124.52
12 20140412014449 2.6 33.52 126.90
11 20140408061914 2.7 36.96 124.44
10 20140401092512 2.3 36.95 124.50
9 20140401044835 5.1 36.95 124.50
8 20140328104045 3.0 36.47 127.93
7 20140314125927 2.5 39.41 126.09
6 20140311113943 2.7 35.86 128.47
5 20140228032005 2.4 38.74 125.01
4 20140222204423 2.6 38.31 124.27
3 20140221211721 2.7 35.05 127.75
2 20140205230601 2.8 38.26 124.40
1 20140129060844 2.2 36.23 128.80