44 20151222043124 3.9 36.02 126.95
43 20151211012517 2.1 36.90 126.58
42 20151124141002 2.4 35.69 129.75
41 20151124112752 3.2 35.67 129.82
40 20151113200433 2.6 35.80 129.42
39 20151030151729 2.9 35.74 129.37
38 20151026232905 2.1 34.09 126.85
37 20151011005507 2.1 33.30 127.02
36 20151001140606 2.1 35.78 129.14
35 20151001092125 2.5 35.78 129.14
34 20150918101254 2.1 34.70 128.75
33 20150903045340 2.7 33.27 127.04
32 20150901134741 2.5 39.09 126.53
31 20150823091949 2.5 36.38 129.77
30 20150817165623 2.5 37.20 125.38
29 20150812170951 2.2 37.17 127.50
28 20150803101124 3.7 33.26 127.06
27 20150802032234 2.1 37.19 128.44
26 20150801235850 2.2 35.32 127.45
25 20150730093955 2.2 35.15 127.98
24 20150723040214 2.6 33.22 127.05
23 20150720013301 2.2 33.26 127.21
22 20150718211556 2.3 36.07 128.08
21 20150714143435 2.8 33.24 127.01
20 20150708110146 2.0 37.63 125.86
19 20150704084909 2.1 36.32 128.18
18 20150622124446 2.4 36.35 127.24
17 20150622120228 2.6 35.85 125.00
16 20150617005505 2.3 38.41 125.57
15 20150607205401 2.1 33.79 126.16
14 20150602010128 2.0 36.76 129.98
13 20150424101442 2.3 35.88 129.69
12 20150421020540 2.1 35.88 129.75
11 20150415041000 2.9 35.14 129.93
10 20150413180202 3.3 37.18 125.47
9 20150319162018 2.7 36.43 127.65
8 20150319125418 2.2 34.16 128.37
7 20150310131034 2.7 37.36 125.15
6 20150223045414 2.7 32.96 126.25
5 20150219142528 2.1 36.09 125.05
4 20150203195453 2.1 33.61 127.57
3 20150131051004 2.2 36.60 129.45
2 20150108201518 3.5 37.51 125.63
1 20150106130640 2.8 38.43 126.28