189 20160921115354 3.5 35.75 129.18
188 20160921113641 2.2 35.78 129.15
187 20160921033651 2.9 35.77 129.18
186 20160921005911 2.1 35.76 129.18
185 20160920200327 2.1 35.77 129.19
184 20160920150516 2.1 38.39 128.09
183 20160920095817 2.4 35.76 129.20
182 20160919210051 2.1 35.75 129.17
181 20160919203358 4.5 35.74 129.18
180 20160919091759 2.1 35.76 129.17
179 20160918223807 2.0 35.75 129.18
178 20160918162754 2.4 35.76 129.17
177 20160917162158 2.1 35.76 129.18
176 20160917071256 2.1 35.76 129.18
175 20160916211424 2.2 35.76 129.18
174 20160916195446 2.1 35.74 129.17
173 20160916191546 2.0 35.76 129.18
172 20160916185831 2.0 35.75 129.18
171 20160916151318 2.3 35.76 129.17
170 20160916053109 2.2 35.78 129.19
169 20160915204825 2.6 35.76 129.19
168 20160915194725 2.2 35.77 129.19
167 20160915032228 2.7 35.76 129.18
166 20160915020155 2.1 35.78 129.21
165 20160914223131 2.4 35.76 129.17
164 20160914172714 2.3 35.77 129.17
163 20160914164716 2.1 35.77 129.18
162 20160914123810 2.2 35.78 129.19
161 20160914115732 2.4 33.93 126.62
160 20160914044347 2.1 35.77 129.17
159 20160914035517 2.4 35.76 129.18
158 20160914013702 2.1 35.77 129.18
157 20160914004841 3.0 35.75 129.18
156 20160913230828 2.3 35.73 129.36
155 20160913214909 2.1 35.76 129.17
154 20160913185403 2.1 35.76 129.18
153 20160913171537 2.0 35.77 129.18
152 20160913165211 2.5 35.75 129.18
151 20160913162133 2.0 35.75 129.17
150 20160913160248 2.5 35.76 129.20
149 20160913144141 2.1 35.76 129.17
148 20160913143142 3.0 35.76 129.18
147 20160913134023 2.0 35.76 129.18
146 20160913131808 2.1 35.77 129.17
145 20160913131604 2.4 35.77 129.17
144 20160913130909 2.3 35.77 129.17
143 20160913123358 2.0 35.76 129.16
142 20160913122705 2.2 35.78 129.19
141 20160913105845 2.0 35.76 129.18
140 20160913104413 2.2 35.76 129.18
139 20160913102546 2.0 35.76 129.19
138 20160913100538 2.0 35.76 129.18
137 20160913100127 2.3 35.78 129.19
136 20160913092327 2.3 35.76 129.18
135 20160913084757 2.3 35.76 129.17
134 20160913082447 3.2 35.76 129.17
133 20160913074742 2.4 35.77 129.18
132 20160913070327 2.1 35.77 129.19
131 20160913064803 2.0 35.78 129.18
130 20160913061529 2.3 35.77 129.18
129 20160913051554 2.0 35.77 129.18
128 20160913045659 2.0 35.77 129.19
127 20160913044159 2.1 35.76 129.17
126 20160913041331 2.1 35.78 129.19
125 20160913031121 2.1 35.75 129.17
124 20160913020935 2.0 35.75 129.18
123 20160913020349 2.2 35.78 129.19
122 20160913020336 2.1 35.76 129.17
121 20160913015839 2.5 35.77 129.18
120 20160913013733 2.2 35.77 129.18
119 20160913013551 2.3 35.75 129.17
118 20160913013100 2.0 35.77 129.18
117 20160913012356 2.2 35.75 129.19
116 20160913010339 2.0 35.77 129.17
115 20160913004550 2.2 35.76 129.18
114 20160913003710 3.1 35.78 129.21
113 20160913003218 2.1 35.76 129.19
112 20160913002137 2.5 35.76 129.19
111 20160913001502 2.0 35.76 129.18
110 20160913001005 2.0 35.76 129.18
109 20160913000743 2.2 35.76 129.19
108 20160912235342 2.2 35.77 129.19
107 20160912235230 3.1 35.75 129.18
106 20160912231827 3.0 35.76 129.17
105 20160912224713 2.1 35.77 129.19
104 20160912222327 2.4 35.77 129.18
103 20160912222250 2.2 35.76 129.18
102 20160912221836 2.0 35.77 129.18
101 20160912221735 2.5 35.76 129.18
100 20160912221314 2.4 35.76 129.19
99 20160912220825 2.0 35.76 129.18
98 20160912220622 2.1 35.77 129.19
97 20160912215434 2.2 35.76 129.16
96 20160912213835 2.6 35.76 129.19
95 20160912213357 2.3 35.76 129.02
94 20160912212048 2.8 35.78 129.18
93 20160912211638 2.1 35.76 129.18
92 20160912210919 2.2 35.77 129.19
91 20160912210759 2.0 35.77 129.19
90 20160912210035 2.5 35.77 129.18
89 20160912205845 2.1 35.77 129.17
88 20160912205500 2.0 35.76 129.18
87 20160912205113 2.6 35.75 129.16
86 20160912204755 2.9 35.76 129.19
85 20160912204741 2.2 35.81 129.23
84 20160912204628 2.4 35.76 129.17
83 20160912204536 2.7 35.78 129.20
82 20160912204506 2.3 35.76 129.17
81 20160912204402 2.5 35.76 129.18
80 20160912204331 2.4 35.76 129.19
79 20160912204227 2.5 35.79 129.20
78 20160912204155 2.1 35.62 129.12
77 20160912204133 2.9 35.58 129.09
76 20160912204040 3.0 35.76 129.18
75 20160912203955 2.6 35.79 129.20
74 20160912203935 3.0 35.77 129.19
73 20160912203832 3.0 35.78 129.20
72 20160912203818 2.8 35.74 129.18
71 20160912203807 2.7 35.76 129.19
70 20160912203729 2.6 35.61 129.11
69 20160912203630 3.2 35.77 129.19
68 20160912203600 3.4 35.75 129.18
67 20160912203422 4.3 35.75 129.19
66 20160912203254 5.8 35.77 129.18
65 20160912202622 2.5 35.77 129.20
64 20160912201744 2.3 35.76 129.19
63 20160912201050 3.1 35.77 129.18
62 20160912200850 2.7 35.76 129.18
61 20160912200705 2.6 35.76 129.19
60 20160912200419 2.5 35.77 129.18
59 20160912200007 2.4 35.78 129.16
58 20160912195536 2.4 35.76 129.18
57 20160912195433 2.0 35.77 129.19
56 20160912195301 2.1 35.77 129.19
55 20160912195222 2.0 35.75 129.19
54 20160912195130 2.1 35.77 129.20
53 20160912195050 2.2 35.77 129.18
52 20160912194803 3.1 35.77 129.19
51 20160912194432 5.1 35.76 129.19
50 20160830003946 2.6 35.55 128.03
49 20160828232719 2.3 35.64 127.47
48 20160828212755 2.4 38.65 127.16
47 20160820185444 2.6 33.49 127.30
46 20160820121821 3.0 38.38 128.09
45 20160818222110 2.6 38.84 125.70
44 20160818170846 2.1 38.18 125.46
43 20160817111738 2.7 38.38 128.08
42 20160816115740 2.0 36.76 128.84
41 20160730015157 2.3 33.06 126.33
40 20160714223113 2.8 35.12 130.24
39 20160713141302 2.0 36.80 128.53
38 20160709131648 2.6 38.69 125.83
37 20160709044752 2.3 35.48 129.97
36 20160705212435 2.6 35.51 129.87
35 20160705203303 5.0 35.51 129.99
34 20160625032452 2.6 38.74 125.86
33 20160621032346 3.1 39.49 126.19
32 20160615020718 2.6 35.87 129.69
31 20160613123306 2.7 34.30 124.68
30 20160607160642 2.3 33.05 126.17
29 20160605101139 2.2 36.00 129.58
28 20160603045338 3.0 36.39 127.92
27 20160524045221 2.3 33.61 125.56
26 20160522012247 3.5 40.68 127.15
25 20160512133706 2.5 34.69 126.80
24 20160503032910 2.1 37.12 129.02
23 20160430224641 2.6 37.75 125.40
22 20160428101643 2.6 35.42 128.56
21 20160427192700 2.3 35.57 128.34
20 20160425114252 2.3 33.51 125.91
19 20160421155504 2.7 33.53 125.89
18 20160421155345 2.7 33.52 125.92
17 20160413052839 2.1 35.92 127.93
16 20160328143421 2.9 35.22 127.96
15 20160327182838 3.0 39.17 125.97
14 20160327145253 2.3 35.33 130.04
13 20160315033833 2.4 37.59 129.95
12 20160315030019 2.7 36.31 128.21
11 20160314051705 3.1 38.71 125.87
10 20160305111153 3.3 35.61 129.82
9 20160302140443 2.4 36.36 127.20
8 20160228165238 2.5 38.73 125.85
7 20160226184612 2.2 33.23 127.19
6 20160224232212 2.9 33.52 125.92
5 20160211055744 3.1 36.21 127.48
4 20160131030302 2.0 36.95 129.92
3 20160125184020 2.3 36.22 128.69
2 20160123071401 2.4 38.42 126.25
1 20160106203904 3.0 36.01 128.07